20 20
A 0 0 0 0 0 0 a 0 0 0 0 0 0 0 0 0 0 0 p
0 0 q 0 0 0 0 0 0 0 0 0 0 0 0 0 0 0 0 0
0 0 B 0 0 0 0 0 0 C 0 0 0 D 0 0 0 0 0 0
0 0 9 d 0 0 0 0 0 e 0 0 0 0 0 f 0 7 8 0
0 r 0 s 0 0 0 0 0 0 0 0 0 0 0 0 0 0 0 0
0 0 0 0 0 0 0 0 0 0 0 0 l 0 0 m 0 n 0 o
0 0 0 0 y 0 0 0 0 Y 0 0 Z z 0 0 0 0 0 0
0 0 0 0 0 0 0 0 0 0 0 0 0 0 0 0 0 0 0 0
0 0 0 c 0 0 0 b 0 0 0 0 0 0 0 E 0 0 0 0
0 0 0 2 0 0 0 0 0 0 0 0 0 1 0 0 0 0 0 0
0 0 0 0 0 0 0 0 0 0 j 0 k 0 0 F 0 0 0 0
0 0 0 0 0 0 0 0 3 4 0 0 0 5 0 0 0 0 0 U
0 0 0 0 0 0 0 K 0 0 J 0 0 0 0 0 0 0 T 0
0 0 0 0 0 0 0 0 0 0 0 0 0 0 0 0 0 0 0 0
0 0 0 0 0 0 0 0 0 0 0 0 0 0 0 0 0 0 S 0
u 0 0 t 0 L 0 0 0 0 0 0 0 0 0 0 0 0 0 0
0 0 0 0 0 0 0 0 0 0 0 0 O 0 0 0 R 0 0 0
0 0 0 0 0 M N 0 0 0 0 0 0 0 Q 0 0 0 0 V
v 0 w 0 0 0 0 0 0 0 0 0 0 P 0 6 0 0 0 0
0 0 0 0 x 0 0 0 0 i h 0 0 0 0 0 X W 0 g