NAME: flyfood_convertido
TYPE: TSP
DIMENSION: 51
EDGE_WEIGHT_TYPE: EXPLICIT
EDGE_WEIGHT_FORMAT: UPPER_ROW
EDGE_WEIGHT_SECTION
5880 3240 5760 14760 2520 7080 8040 4920 7800 6600 2760 720 6120 5640 11640
7320 7440 1320 9840 2520 5040 7800 10200 7080 10440 3480 11280 360 2880 9120
5400 12600 9840 11160 11640 3600 13680 6240 2160 12000 2880 9720 5280 8280 3720
3960 7440 9120 5040 9240 7440 7560 16560 5040 12480 9840 5760 7680 7920 5280
6120 7920 2160 8160 6720 7320 5520 11640 3360 840 9600 12000 8880 12240 9360
13080 6240 4680 10920 11280 14400 12360 12960 13440 2280 15480 9480 5880 13800 3240
11520 7080 14160 2160 1920 13320 15000 6840 5040 9000 18000 2400 10320 11280 7200
9360 9360 6000 3960 9360 7200 13200 8880 9000 4560 13080 4800 6600 11040 13440
10320 13680 2160 14520 2880 6120 12360 5760 15840 13080 14400 14880 5160 16920 9480
1560 15240 4200 12960 8520 8400 5280 5520 5880 9000 8280 10800 9000 8280 5640
3720 5880 8760 7560 3000 5040 360 6600 12600 8280 8400 4440 9600 4200 7920
2040 4440 3960 9000 6840 7200 6120 2880 3840 4440 6840 5520 5400 5880 8880
7920 2640 7920 6240 8640 7320 1200 7320 9000 8280 6480 8160 2400 10200 17280
9840 6720 10800 8880 8640 12000 14040 8640 14400 8400 9840 9240 13440 5400 13200
16920 6960 5520 7680 4800 15840 3480 15120 11880 5640 12240 3360 9720 3600 3120
17880 1080 8520 16920 2760 17640 5040 9480 11520 18000 17280 12120 12360 9720 11520
9600 10560 6480 8400 8640 5280 3240 8640 4800 10800 7440 8040 3840 12360 4080
4200 10320 12720 9600 12960 4320 13800 2160 5400 11640 6240 15120 12360 13680 14160
2760 16200 8760 840 14520 1800 12240 7800 9120 2880 3120 8280 9960 7560 8400
9360 11520 14400 13200 7200 6360 6000 12240 18240 13920 14040 6960 15240 9120 11640
5520 4320 9600 14640 8160 12840 7440 8520 9480 4560 6480 2760 9120 11520 10200
8760 3000 9240 9480 9960 12960 6840 1920 10320 10560 4440 2520 8040 15840 4080
5040 3840 5280 7320 3360 7680 8880 4560 4680 6720 5880 6480 10200 3840 5040
960 5280 9120 3480 8400 5160 1080 8160 4560 9240 3120 3600 11160 5640 6360
10200 3960 10920 3600 2760 11040 11280 10560 10200 11880 3000 6480 2880 2160 4320
5160 5520 3600 6720 2400 2520 4560 5880 2400 6120 6000 7200 3120 6480 8400
7320 5280 3000 5160 10320 8640 11400 7200 7680 7080 9720 8520 6120 8040 6840
5760 4680 13200 7200 6480 12360 14040 3480 4320 1200 7200 8040 8400 5520 3840
960 360 7440 3960 5280 8040 8880 10080 4800 4560 11280 5400 8160 5880 4920
13200 7920 14280 5280 5760 9000 7800 11400 8040 6120 8760 3840 7560 16080 9120
8400 15240 16920 6360 2640 6000 6840 7200 5760 5040 1200 840 6240 3720 4560
8280 7680 8880 3600 4320 10080 5160 6960 4680 3720 12000 6720 13080 5040 5520
9240 7560 10200 8280 5880 9000 3600 6360 14880 9360 8640 14040 15720 5160 2880
2040 3360 5040 11040 6720 6840 1440 8040 1920 4920 5040 7440 4320 7680 4080
8520 3120 1320 6360 6000 9840 7080 8400 8880 5880 10920 4200 4920 9240 5640
6960 2520 8880 6000 5280 8040 9720 2280 8640 5400 5880 11880 7560 7680 600
9120 2760 5280 7080 9480 6360 9720 3240 10560 1080 2160 8400 5160 11880 9120
10440 10920 3840 12960 5520 2880 11280 3600 9000 4560 8040 3960 4200 7200 8880
4320 9480 6240 12240 7920 8040 4800 9240 4560 8280 1680 4080 3600 8640 7200
6840 6480 3240 3480 4800 6480 5880 5040 5520 9240 7560 3000 8280 5880 9000
6960 840 7680 9360 8640 6840 8520 2040 9840 6000 4560 5160 5280 9480 3120
2520 7440 9840 6720 10080 9120 10920 6000 3720 8760 11040 12240 12120 10800 11280
3480 13320 9240 5640 11640 3240 9360 5400 13920 3600 2880 13080 14760 4680 3600
4320 4200 11280 3480 9120 8520 12720 13920 8640 4080 15120 5400 12000 9720 8760
17040 11760 18120 9120 6720 9480 9480 15240 11640 8760 9240 5280 11400 19920 9600
8880 19080 20760 10200 3120 600 6960 4920 4800 7080 8400 9600 4320 5520 10800
6360 7680 5400 4440 12720 7680 13800 6240 6720 8040 8760 10920 7320 7080 7800
4800 7080 15600 8160 7440 14760 16440 5880 1920 7080 4320 4920 7680 8520 9720
4440 4920 10920 5760 7800 5520 4560 12840 7560 13920 5640 6120 8640 8160 11040
7680 6480 8400 4200 7200 15720 8760 8040 14880 16560 6000 2280 8520 2160 4680
6480 8880 5760 9120 3840 9960 1680 1560 7800 5760 11280 8520 9840 10320 4440
12360 4920 3480 10680 4200 8400 3960 8640 4560 3840 7800 9480 3720 8880 8280
12000 9720 10920 5640 600 12120 2400 10200 6960 5760 14040 8760 15120 6120 3720
12960 6480 12240 12000 5760 12720 2280 8400 16920 13080 12360 16080 17760 7200 6600
3720 6240 8640 5520 8880 6000 9720 2880 1320 7560 7920 11040 9000 9600 10080
4680 12120 6120 3720 10440 4440 8160 3720 10800 4800 4080 9960 11640 3480 6720
9960 12360 9240 12600 8520 13440 5400 5040 11280 10440 14760 12000 13320 13800 1440
15840 8640 5040 14160 2400 11880 7440 13320 1320 1080 12480 14160 7200 5400 2400
4080 9120 8880 7320 8160 4920 3960 5280 4800 5400 3600 6000 10920 5880 2520
9960 4200 10680 7440 2520 7200 11040 10320 6360 8040 2760 10320 5280 10320 11280
8520 10560 7320 5160 7680 2400 4200 4800 7200 13320 4440 3960 12360 5160 13080
8640 4920 6000 13440 12720 7560 6840 5160 11520 5040 8160 4200 7440 4200 2040
8400 5520 9480 4080 4560 10200 6600 6600 9240 4920 9960 3360 2760 11280 10320
9600 10440 12120 2040 6240 11520 1800 10800 7560 5160 13440 8160 14520 5520 3120
13560 5880 11640 12600 5160 13320 1680 7800 16320 13680 12960 15480 17160 6600 7200
12360 3120 5400 10200 3600 13680 10920 12240 12720 7080 14760 7320 3480 13080 6120
10800 6360 6240 7200 7440 3960 6840 6120 12720 11640 8400 3360 11640 6360 12720
3720 1320 14400 4080 9840 13440 3360 14160 1560 6000 14520 14520 13800 13680 15360
6240 8040 3240 9480 5040 12960 10200 11520 12000 3960 14040 6600 1800 12360 3000
10080 5640 7920 4080 4320 7080 8760 5400 9600 6240 7320 9720 8400 8280 8760
6000 10800 5520 5040 9120 5760 6840 2400 10200 6120 5400 9360 11040 2160 7320
8280 3480 9360 2040 2520 12240 4560 6480 11280 2880 12000 3480 3840 11160 12360
11640 10320 12000 4080 6360 10080 7320 8640 10320 9000 11160 3720 5400 9480 8040
11760 5640 2880 9120 9360 2040 3720 6840 14640 6360 2640 5040 15720 2280 6360
14760 3000 15480 6480 7320 8160 15840 15120 9960 9000 7560 9360 9000 11400 12960
8640 3600 12000 9360 12720 12840 6720 4680 13080 12360 7200 4080 7920 15720 2400
14280 2520 6120 13320 840 14040 3840 5880 10800 14400 13680 9960 11640 6120 7920
14760 2760 8520 13800 2040 14520 1920 6360 13200 14880 14160 12360 14040 6600 8400
16800 9360 3600 15120 960 12840 8400 11880 120 600 11040 12720 8160 6360 7440
15840 1680 16560 4200 8400 10440 16920 16200 11040 11280 8640 10440 8400 6480 9120
9960 3840 4680 9480 8760 3840 5520 5040 12840 14160 2640 11880 7440 8280 3720
3960 7440 9120 7200 9240 14880 3480 6720 11160 15240 14520 10320 12000 6960 8760
12600 8160 10920 1080 1320 10080 11760 7920 6600 6120 14640 12960 12240 13800 15480
4920 6480 8520 8520 7800 7680 9360 1200 9000 12000 12240 2520 840 9720 17520
720 11160 12840 8280 6480 11400 13080 7560 5760 3120 8880 16680 10560 18360 7800
EOF
